reading=0.0056797
convolution_native=0.69148
convolution_matlab=0.00956
nonlinear_native=0.19791
matlab_startup=7.4664
platform=GLNXA64
platform_maxsize=281474976710655
platform_endian=L
